No -class -x_min -x_max -y_min -y_max -x_moy -y_moy -x_ecart -y_ecart -red -blue -green
0 Raphia 2154 2219 2058 2120 2184 2093 50.3 45.0 162 046 000 
1 Raphia 367 427 1875 1917 398 1895 22.5 50.8 103 093 000 
2 Raphia 2554 2615 1859 1922 2583 1886 22.3 27.2 044 140 000 
3 Raphia 3540 3605 1858 1906 3568 1883 77.1 18.6 241 186 000 
4 Raphia 0 29 1667 1714 12 1693 7.2 39.7 182 233 000 
5 Raphia 5527 5585 881 936 5553 907 69.1 40.9 202 164 001 
6 Raphia 3936 4001 667 734 3964 700 85.1 24.8 143 211 001 
7 Raphia 5724 5759 273 326 5746 310 80.6 11.4 084 002 002 
8 Coco 652 898 6170 6359 764 6286 59.3 80.5 134 154 002 
9 Coco 1699 1959 5513 5778 1822 5654 76.2 107.7 016 248 002 
10 Coco 836 1096 5317 5556 957 5436 70.0 109.2 095 132 003 
11 Coco 3419 3667 5721 5974 3541 5844 69.4 51.6 066 144 003 
12 Coco 3690 3937 5370 5618 3820 5491 66.1 52.0 007 191 003 
13 Coco 4635 4873 5380 5636 4762 5510 91.0 115.6 204 237 003 
14 Coco 1895 2141 4519 4778 2020 4652 80.0 71.9 174 016 004 
15 Coco 445 694 5115 5369 570 5248 55.6 104.3 145 028 004 
16 Coco 0 90 5003 5232 26 5104 21.4 92.4 086 075 004 
17 Coco 0 144 3723 3977 55 3855 34.9 82.1 056 110 004 
18 Coco 309 553 4759 4995 429 4870 53.6 75.2 027 122 004 
19 Coco 4623 4897 3704 3964 4763 3855 95.4 93.1 253 156 004 
20 Raphia 5313 5405 6024 6100 5360 6057 90.5 54.9 223 191 004 
21 Coco 4415 4676 3318 3569 4551 3442 104.8 55.0 194 203 004 
22 Raphia 2129 2241 5810 5911 2185 5854 59.2 49.6 164 238 004 
23 Coco 1625 1882 3176 3422 1735 3284 80.5 95.9 135 250 004 
24 Coco 1479 1721 2992 3237 1607 3104 68.3 80.4 076 041 005 
25 Coco 2037 2282 2583 2839 2151 2710 67.8 84.2 017 088 005 
26 Coco 3693 3943 3927 4162 3819 4048 84.1 83.6 244 099 005 
27 Raphia 4718 4815 5619 5716 4768 5664 79.2 53.4 243 122 005 
28 Coco 899 1144 3572 3818 1019 3691 58.9 86.3 185 146 005 
29 Raphia 2331 2429 5212 5320 2379 5264 35.0 78.6 125 216 005 
30 Coco 647 888 2138 2377 761 2257 64.2 52.8 096 228 005 
31 Coco 435 683 3329 3571 553 3443 54.4 62.0 067 240 005 
32 Coco 1049 1316 1986 2254 1181 2119 56.4 72.6 234 065 006 
33 Coco 4285 4544 3171 3424 4418 3292 96.9 79.8 205 077 006 
34 Raphia 548 645 4229 4320 602 4271 37.8 87.7 204 100 006 
35 Coco 1287 1560 1958 2217 1404 2083 58.9 83.4 175 112 006 
36 Coco 4831 5049 3153 3374 4943 3274 94.8 83.5 146 124 006 
37 Raphia 2135 2218 4029 4120 2180 4072 25.4 64.4 145 147 006 
38 Coco 2873 3135 1192 1448 2999 1323 86.8 69.6 057 206 006 
39 Raphia 3528 3622 3625 3728 3570 3675 26.9 78.5 027 241 006 
40 Raphia 4913 5008 3629 3725 4965 3677 89.0 36.5 224 031 007 
41 Coco 672 938 593 860 799 721 64.3 63.5 136 090 007 
42 Raphia 338 444 2429 2533 392 2488 24.9 39.7 047 172 007 
43 Coco 5192 5451 369 629 5323 492 94.7 58.8 018 184 007 
44 Coco 213 459 1597 1825 343 1701 51.4 50.7 245 195 007 
45 Coco 2055 2307 127 378 2186 271 68.4 50.0 215 230 007 
46 Coco 4078 4316 1594 1838 4195 1718 102.6 72.6 186 242 007 
47 Raphia 2332 2430 1634 1746 2386 1690 66.0 32.0 185 009 008 
48 Coco 5070 5324 1324 1580 5198 1447 77.7 55.1 127 033 008 
49 Raphia 3130 3228 1637 1744 3173 1691 48.1 48.0 126 056 008 
50 Coco 511 593 0 33 553 8 29.6 8.3 038 115 008 
51 Raphia 1544 1635 1437 1539 1582 1487 46.6 52.3 205 196 008 
52 Coco 2032 2274 6104 6338 2147 6223 69.8 108.0 079 073 012 
53 Coco 2705 2954 6138 6359 2820 6266 68.0 94.5 020 120 012 
54 Coco 252 523 5496 5749 378 5633 64.6 81.5 158 213 012 
55 Coco 2808 3058 5537 5811 2926 5677 66.2 104.7 099 004 013 
56 Coco 2509 2745 5321 5565 2621 5443 69.6 95.3 040 051 013 
57 Coco 1315 1559 4534 4779 1416 4679 70.7 103.7 237 097 013 
58 Coco 53 315 4399 4641 191 4521 52.9 89.3 178 144 013 
59 Coco 889 1149 4393 4646 1004 4514 59.3 107.9 119 191 013 
60 Coco 5041 5309 4093 4354 5164 4227 97.6 82.5 001 029 014 
61 Coco 2908 3142 3722 3967 3008 3842 61.1 77.8 198 075 014 
62 Coco 1220 1475 2984 3251 1347 3112 59.2 75.6 218 006 015 
63 Coco 5468 5738 6165 6359 5600 6281 73.8 55.8 189 018 015 
64 Coco 4463 4719 2910 3153 4603 3041 84.0 63.7 159 053 015 
65 Coco 5408 5648 2936 3182 5542 3051 108.1 84.3 100 100 015 
66 Coco 1102 1333 5574 5803 1230 5687 48.6 58.1 071 112 015 
67 Coco 1111 1347 5340 5573 1230 5458 63.2 85.2 012 159 015 
68 Coco 506 770 2772 3021 638 2894 56.8 87.2 238 193 015 
69 Coco 5023 5244 5358 5594 5145 5481 79.7 53.3 209 205 015 
70 Coco 4852 5092 2717 2954 4971 2835 109.6 51.3 179 240 015 
71 Coco 4829 5066 4929 5166 4942 5048 83.4 67.0 150 252 015 
72 Raphia 2902 3054 5387 5550 2980 5465 48.6 108.0 149 019 016 
73 Coco 5614 5759 4726 4975 5701 4849 108.1 59.5 091 043 016 
74 Raphia 4104 4255 5396 5545 4187 5471 59.0 88.6 090 066 016 
75 Coco 5046 5286 2009 2252 5190 2133 97.5 58.4 061 078 016 
76 Coco 5479 5731 1713 1983 5618 1848 99.9 71.5 002 125 016 
77 Coco 3262 3528 1509 1768 3397 1642 57.4 79.7 199 171 016 
78 Coco 442 687 4301 4560 563 4431 54.4 105.3 170 183 016 
79 Raphia 1503 1658 4993 5155 1585 5071 62.8 83.6 169 206 016 
80 Coco 2639 2882 1413 1649 2758 1529 87.7 62.6 140 218 016 
81 Coco 3879 4105 4123 4354 3985 4229 57.6 98.7 111 230 016 
82 Raphia 4296 4446 4791 4943 4367 4870 86.7 57.9 110 253 016 
83 Coco 1899 2135 1196 1437 2008 1311 50.4 67.6 022 056 017 
84 Coco 61 293 3801 4030 187 3913 52.2 55.8 249 067 017 
85 Raphia 916 1064 3998 4151 992 4073 45.2 86.5 248 090 017 
86 Coco 2026 2294 1203 1458 2159 1314 80.9 67.3 219 102 017 
87 Coco 5419 5658 3738 3966 5543 3831 78.1 75.1 190 114 017 
88 Raphia 5687 5759 4004 4138 5735 4065 95.3 51.8 189 137 017 
89 Raphia 2118 2258 3804 3950 2181 3876 58.5 71.9 130 184 017 
90 Coco 1874 2115 315 567 1997 440 64.1 60.5 101 196 017 
91 Raphia 1715 1867 3606 3753 1789 3677 44.3 42.3 012 022 018 
92 Coco 5191 5450 0 240 5321 112 114.3 56.4 239 033 018 
93 Raphia 1903 2055 3603 3748 1976 3677 61.4 83.4 209 068 018 
94 Coco 4478 4713 2522 2765 4603 2639 55.4 53.6 151 092 018 
95 Raphia 1306 1460 3398 3549 1385 3475 46.6 56.1 150 115 018 
96 Raphia 2314 2460 2802 2954 2384 2882 69.2 67.3 091 162 018 
97 Coco 685 940 2385 2647 807 2524 58.6 82.4 033 186 018 
98 Raphia 3698 3841 2208 2354 3773 2284 42.7 34.9 229 255 018 
99 Coco 3499 3741 1555 1788 3612 1666 84.8 52.8 171 023 019 
100 Raphia 1908 2054 2013 2165 1983 2087 65.0 65.8 170 046 019 
101 Raphia 5492 5650 1606 1769 5565 1687 76.6 63.1 111 093 019 
102 Coco 3218 3449 764 989 3325 878 57.7 54.0 053 117 019 
103 Raphia 1709 1862 1199 1365 1784 1284 43.9 37.9 052 140 019 
104 Coco 2624 2867 136 377 2730 258 83.7 54.0 191 210 019 
105 Raphia 2699 2858 1008 1164 2779 1089 81.1 39.0 190 233 019 
106 Raphia 3499 3641 813 958 3573 889 76.3 33.9 072 071 020 
107 Raphia 4690 4851 808 973 4771 888 79.5 37.1 013 118 020 
108 Raphia 3293 3450 606 764 3374 688 59.2 34.8 210 164 020 
109 Coco 3990 4254 5564 5830 4121 5697 104.3 116.2 241 225 022 
110 Coco 5271 5521 4916 5160 5403 5038 85.4 53.3 064 110 023 
111 Coco 4098 4358 3360 3635 4233 3491 85.5 89.2 025 088 024 
112 Coco 1831 2077 3112 3352 1947 3242 63.1 73.3 104 228 024 
113 Raphia 874 1090 5753 5975 982 5870 52.3 61.7 074 007 025 
114 Coco 3291 3533 5182 5423 3414 5305 70.3 106.4 213 077 025 
115 Coco 238 483 4932 5175 353 5059 51.1 81.1 095 171 025 
116 Raphia 2477 2681 5174 5371 2579 5271 78.7 107.6 094 194 025 
117 Raphia 2276 2488 4968 5191 2376 5075 57.7 70.8 035 241 025 
118 Coco 2236 2468 4541 4768 2351 4656 68.9 86.3 233 008 026 
119 Raphia 4667 4879 4967 5169 4771 5067 82.4 47.6 232 031 026 
120 Coco 2408 2658 1973 2231 2530 2099 84.9 84.3 203 043 026 
121 Coco 5458 5704 4602 4842 5585 4709 66.7 90.1 174 055 026 
122 Raphia 2484 2682 4779 4969 2578 4875 71.2 54.1 173 078 026 
123 Coco 3611 3868 1917 2184 3739 2045 59.3 81.4 144 090 026 
124 Coco 2016 2251 4165 4406 2141 4290 72.0 89.4 056 149 026 
125 Raphia 3278 3473 4168 4380 3376 4274 65.5 72.1 055 172 026 
126 Coco 3009 3267 1785 2037 3138 1918 65.1 61.7 026 184 026 
127 Coco 2278 2525 4120 4367 2407 4244 63.2 82.6 253 195 026 
128 Coco 3801 4049 1329 1603 3943 1461 75.1 62.6 223 230 026 
129 Raphia 3883 4083 3976 4171 3977 4076 95.7 63.7 193 009 027 
130 Coco 459 730 1093 1358 589 1217 61.5 72.8 164 021 027 
131 Coco 5007 5259 3591 3832 5131 3696 101.0 68.0 135 033 027 
132 Raphia 4478 4678 3978 4180 4591 4080 54.0 60.8 134 056 027 
133 Coco 4789 5060 1168 1430 4921 1291 83.8 76.6 105 068 027 
134 Coco 2446 2683 3393 3631 2570 3521 80.5 66.0 076 080 027 
135 Coco 0 98 317 525 36 438 22.3 50.5 243 161 027 
136 Coco 3096 3356 3172 3411 3224 3276 70.2 59.6 214 173 027 
137 Raphia 3676 3895 2363 2585 3780 2476 79.8 51.2 213 196 027 
138 Coco 4045 4290 410 654 4157 522 83.3 56.5 184 208 027 
139 Coco 2247 2477 2917 3160 2367 3043 61.7 91.4 155 220 027 
140 Raphia 882 1084 2179 2377 983 2275 46.3 58.8 154 243 027 
141 Coco 2031 2294 0 262 2162 127 57.7 54.3 066 046 028 
142 Coco 2093 2343 2776 3025 2220 2906 79.0 64.8 037 058 028 
143 Coco 3249 3485 0 162 3376 67 87.2 38.3 007 093 028 
144 Coco 4615 4851 1 247 4755 119 87.8 56.5 204 139 028 
145 Raphia 3282 3481 1788 1990 3379 1883 87.7 51.8 174 174 028 
146 Coco 4293 4499 0 39 4382 9 78.4 9.1 145 186 028 
147 Coco 1631 1883 2590 2836 1757 2711 53.1 58.6 116 198 028 
148 Coco 4689 4902 0 72 4807 20 66.1 16.6 086 233 028 
149 Coco 5520 5530 0 3 5525 1 70.2 1.1 027 024 029 
150 Coco 1625 1870 2398 2629 1742 2504 57.3 81.2 254 035 029 
151 Raphia 2488 2676 1183 1379 2580 1280 62.1 44.0 253 058 029 
152 Raphia 3269 3491 1174 1391 3378 1281 53.4 63.0 194 105 029 
153 Coco 212 459 1964 2207 335 2089 50.6 64.2 077 176 029 
154 Raphia 5671 5759 782 990 5729 895 95.0 49.9 076 199 029 
155 Coco 4627 4878 1990 2235 4754 2096 53.6 71.2 018 223 029 
156 Raphia 2480 2683 583 780 2578 680 74.9 45.8 017 246 029 
157 Raphia 4275 4479 563 787 4371 673 97.4 54.6 214 036 030 
158 Raphia 248 486 366 586 373 470 50.5 51.8 155 083 030 
159 Coco 499 722 388 618 595 497 58.3 48.0 176 247 030 
160 Coco 1283 1515 115 374 1405 247 63.7 55.5 117 038 031 
161 Coco 4729 4785 6040 6092 4755 6064 96.2 81.8 068 238 032 
162 Coco 3749 3816 5804 5860 3785 5837 61.9 12.0 206 075 033 
163 Coco 5328 5385 5439 5502 5358 5468 48.6 99.8 029 216 033 
164 Coco 4932 4988 4851 4908 4961 4877 29.5 73.1 167 053 034 
165 Raphia 3570 3588 6342 6359 3576 6354 64.1 107.9 137 088 034 
166 Coco 2937 3004 4653 4711 2966 4679 76.2 89.2 049 147 034 
167 Raphia 244 500 5952 6197 370 6079 51.7 58.2 019 182 034 
168 Coco 4159 4214 4430 4488 4184 4460 37.6 67.7 187 240 034 
169 Coco 1488 1636 6316 6359 1556 6343 69.8 95.4 040 090 035 
170 Coco 379 434 3078 3126 404 3099 27.7 72.7 010 125 035 
171 Coco 1148 1216 3066 3124 1180 3094 48.0 41.8 207 171 035 
172 Coco 424 667 5573 5795 546 5686 53.5 90.6 178 183 035 
173 Coco 4133 4191 2834 2886 4164 2861 66.8 76.5 148 218 035 
174 Coco 3645 3879 5586 5837 3760 5714 86.4 107.8 119 230 035 
175 Raphia 0 102 3944 4193 27 4077 21.4 100.3 118 253 035 
176 Coco 4129 4189 2434 2495 4160 2466 36.4 52.2 089 009 036 
177 Coco 78 337 5112 5366 212 5238 54.9 112.5 001 068 036 
178 Coco 1272 1529 5187 5453 1375 5306 65.8 93.8 198 114 036 
179 Raphia 253 499 2750 3001 377 2875 53.8 84.9 197 137 036 
180 Coco 2742 2797 1648 1708 2769 1677 74.5 40.7 168 149 036 
181 Raphia 3252 3510 2750 3016 3376 2876 96.5 72.6 138 184 036 
182 Coco 5741 5759 1666 1722 5752 1693 27.2 38.5 109 196 036 
183 Coco 67 312 5006 5234 191 5109 49.7 51.6 080 208 036 
184 Raphia 3454 3713 2752 3006 3581 2876 67.2 84.5 079 231 036 
185 Coco 356 423 1486 1541 387 1510 29.8 49.1 050 243 036 
186 Coco 4545 4600 1482 1544 4572 1513 67.8 55.9 247 033 037 
187 Coco 3821 4072 4704 4960 3950 4833 57.4 104.5 218 045 037 
188 Raphia 1842 2106 2551 2803 1968 2673 66.0 68.5 217 068 037 
189 Raphia 4048 4315 2550 2823 4178 2681 65.9 74.7 158 115 037 
190 Coco 3748 3812 1253 1308 3781 1282 87.6 45.1 129 127 037 
191 Coco 1498 1744 4131 4367 1622 4252 65.7 55.5 100 139 037 
192 Coco 5506 5565 1252 1316 5537 1284 79.5 13.9 070 174 037 
193 Coco 2834 3072 3539 3770 2951 3655 86.4 72.0 238 232 037 
194 Raphia 1258 1493 1751 1996 1375 1877 70.2 71.8 237 255 037 
195 Coco 196 249 868 925 221 895 22.7 28.0 208 011 038 
196 Raphia 2647 2909 1147 1412 2779 1273 73.8 68.3 119 093 038 
197 Coco 3537 3598 500 551 3564 524 33.2 14.0 090 105 038 
198 Coco 1887 2141 2983 3239 2012 3104 71.1 90.8 061 117 038 
199 Raphia 1244 1510 942 1210 1378 1072 54.5 60.3 060 140 038 
200 Coco 1158 1216 50 111 1183 85 30.6 18.1 031 152 038 
201 Coco 5003 5263 2943 3199 5124 3071 54.2 93.8 002 164 038 
202 Coco 1983 2038 72 133 2008 102 32.6 19.7 228 198 038 
203 Raphia 4843 5110 741 1017 4979 866 101.5 52.4 198 233 038 
204 Coco 2549 2608 51 110 2577 76 64.1 13.7 169 245 038 
205 Raphia 5048 5323 754 1015 5180 881 94.1 61.5 139 024 039 
206 Coco 5206 5455 1554 1793 5337 1683 81.9 73.1 081 048 039 
207 Coco 3811 4046 1168 1404 3932 1289 86.8 48.1 022 095 039 
208 Raphia 5062 5302 167 406 5185 275 108.5 56.0 021 118 039 
209 Coco 2088 2336 972 1225 2209 1101 63.3 66.4 219 141 039 
210 Coco 1004 1265 561 823 1133 682 61.3 49.3 160 188 039 
211 Coco 798 1072 333 588 944 458 66.1 57.7 101 235 039 
212 Coco 3491 3641 0 27 3537 12 69.9 8.0 239 072 040 
213 Coco 2951 3061 6192 6306 3005 6257 34.9 46.4 112 228 043 
214 Coco 4311 4420 6219 6325 4364 6274 71.9 103.3 053 019 044 
215 Raphia 82 223 6346 6359 145 6354 57.5 40.0 023 054 044 
216 Raphia 1227 1523 5930 6252 1361 6090 67.8 123.5 220 100 044 
217 Coco 5468 5592 5780 5898 5525 5834 68.4 37.9 191 112 044 
218 Raphia 4238 4548 5937 6254 4385 6089 99.6 96.9 161 147 044 
219 Raphia 2 332 5722 6051 166 5893 63.6 77.2 102 194 044 
220 Coco 3116 3229 5576 5683 3180 5634 62.3 63.4 073 206 044 
221 Raphia 1431 1715 5327 5625 1584 5488 59.9 65.4 043 241 044 
222 Raphia 4034 4333 4539 4823 4180 4683 64.5 105.0 240 031 045 
223 Coco 177 287 4804 4918 234 4867 27.1 44.7 211 043 045 
224 Raphia 2231 2535 4325 4648 2378 4484 83.2 72.2 181 078 045 
225 Coco 130 232 4614 4717 179 4662 23.3 39.6 152 090 045 
226 Coco 4510 4623 3794 3908 4574 3847 37.2 63.1 093 137 045 
227 Coco 3424 3650 6152 6359 3562 6264 55.8 101.5 064 149 045 
228 Coco 1539 1649 3400 3502 1596 3449 57.0 76.1 034 184 045 
229 Coco 4093 4331 6186 6359 4210 6297 78.0 112.0 005 196 045 
230 Coco 5675 5759 3001 3129 5725 3056 19.7 62.2 172 021 046 
231 Raphia 225 517 3525 3839 373 3681 62.9 72.4 024 150 046 
232 Coco 5116 5236 2636 2748 5179 2693 88.9 53.4 251 161 046 
233 Coco 2882 3109 5803 6041 2995 5915 75.9 61.4 222 173 046 
234 Raphia 4038 4345 3544 3829 4199 3693 74.9 95.3 221 196 046 
235 Coco 5424 5682 5378 5647 5546 5510 78.7 80.5 163 220 046 
236 Coco 2928 3040 2453 2567 2980 2514 47.2 34.0 133 255 046 
237 Raphia 19 309 3122 3441 160 3279 58.2 65.7 103 034 047 
238 Coco 5613 5759 5158 5397 5702 5279 84.6 57.7 045 058 047 
239 Coco 4432 4651 4917 5150 4546 5037 49.8 83.4 242 104 047 
240 Raphia 1230 1514 2718 3004 1375 2875 78.2 69.1 241 127 047 
241 Coco 2321 2434 2250 2367 2370 2313 63.2 31.7 212 139 047 
242 Coco 2443 2674 4394 4629 2555 4509 50.1 58.6 183 151 047 
243 Coco 5299 5417 2211 2323 5365 2262 92.3 33.3 153 186 047 
244 Coco 3056 3284 4397 4631 3198 4503 47.6 105.6 124 198 047 
245 Raphia 1200 1536 2517 2821 1361 2688 75.5 67.9 123 221 047 
246 Coco 2611 2861 4143 4398 2736 4276 81.1 92.9 065 245 047 
247 Raphia 3027 3336 2336 2633 3180 2490 87.4 87.1 064 012 048 
248 Coco 2811 3062 4185 4427 2940 4304 58.0 104.2 006 036 048 
249 Raphia 0 131 1927 2199 40 2065 30.1 71.0 005 059 048 
250 Coco 4101 4214 1817 1937 4156 1866 25.8 51.3 232 070 048 
251 Coco 3923 4042 1627 1740 3992 1680 76.2 47.7 173 117 048 
252 Raphia 2023 2320 1706 2031 2178 1872 69.0 88.1 143 152 048 
253 Coco 4294 4544 3767 4005 4422 3874 70.3 59.3 085 176 048 
254 Coco 2209 2450 3556 3808 2328 3682 74.9 84.5 026 223 048 
255 Coco 2517 2630 1020 1141 2570 1071 49.1 34.8 252 001 049 
256 Coco 5629 5759 3608 3837 5717 3739 51.6 63.4 223 013 049 
257 Coco 5512 5624 1058 1165 5572 1117 86.8 39.7 193 048 049 
258 Raphia 4441 4741 706 1026 4604 869 92.7 63.7 163 083 049 
259 Coco 2136 2249 819 938 2198 870 36.8 45.9 134 095 049 
260 Coco 873 1097 3417 3637 994 3523 56.5 92.8 105 107 049 
261 Raphia 228 536 517 810 369 664 65.4 70.2 104 130 049 
262 Coco 2703 2946 3170 3410 2827 3289 81.4 55.6 046 154 049 
263 Coco 927 1039 621 738 977 671 39.0 40.5 016 189 049 
264 Coco 1013 1266 2734 2982 1133 2854 62.4 83.5 243 200 049 
265 Coco 1926 2035 663 775 1973 722 66.4 38.1 213 235 049 
266 Raphia 3844 4135 109 424 3990 258 69.0 66.7 183 014 050 
267 Coco 4301 4414 421 542 4362 475 58.8 33.8 154 026 050 
268 Coco 2337 2442 266 377 2387 327 71.1 32.4 095 073 050 
269 Coco 1525 1635 26 144 1577 75 43.9 25.3 036 120 050 
270 Coco 4456 4676 1126 1342 4560 1245 103.5 61.7 165 156 051 
271 Coco 0 86 922 1142 21 1054 18.8 60.1 106 203 051 
272 Raphia 1383 1757 5899 6283 1566 6096 80.6 130.3 067 044 055 
273 Raphia 3207 3547 5910 6262 3377 6090 107.0 107.0 008 091 055 
274 Raphia 5047 5355 5539 5848 5189 5697 65.2 69.3 235 102 055 
275 Raphia 3634 3940 5128 5441 3782 5292 79.8 115.7 117 196 055 
276 Raphia 2201 2565 5329 5688 2381 5508 83.6 81.2 087 231 055 
277 Raphia 3623 3922 4946 5224 3780 5077 58.4 109.3 255 033 056 
278 Raphia 1196 1537 4706 5051 1364 4887 73.8 107.0 225 068 056 
279 Raphia 4023 4367 3928 4269 4192 4089 107.9 112.9 166 115 056 
280 Raphia 2199 2536 3704 4049 2367 3877 92.0 88.4 245 255 056 
281 Raphia 2427 2728 3733 4047 2580 3856 86.3 70.7 216 011 057 
282 Coco 5683 5759 6004 6198 5733 6098 108.0 82.7 128 070 057 
283 Raphia 4614 4979 3489 3881 4799 3687 101.3 98.7 127 093 057 
284 Coco 1083 1305 5706 5949 1171 5830 58.7 110.5 069 117 057 
285 Raphia 589 924 2904 3229 747 3082 74.3 83.7 068 140 057 
286 Raphia 1612 1911 2937 3217 1770 3075 61.3 70.9 039 152 057 
287 Coco 2432 2675 5794 6046 2546 5917 68.4 72.1 010 164 057 
288 Raphia 2801 3173 2703 3079 2987 2887 104.6 95.4 009 187 057 
289 Raphia 2424 2750 2922 3237 2577 3086 74.1 70.2 236 198 057 
290 Raphia 1821 2105 2342 2627 1971 2482 78.0 88.6 177 245 057 
291 Raphia 2177 2560 2488 2858 2366 2674 101.6 89.3 147 024 058 
292 Raphia 1410 1717 1919 2225 1557 2085 75.1 76.6 118 036 058 
293 Coco 2009 2258 5325 5579 2143 5449 64.9 97.5 089 048 058 
294 Raphia 1618 1941 1913 2222 1778 2071 80.5 86.3 059 083 058 
295 Coco 2635 2883 5403 5658 2767 5534 61.4 73.1 030 095 058 
296 Raphia 613 918 1718 2033 762 1862 66.1 84.2 000 130 058 
297 Coco 3107 3340 5177 5415 3230 5290 78.4 69.0 227 141 058 
298 Raphia 2196 2555 1289 1654 2359 1471 72.0 89.8 226 164 058 
299 Raphia 1815 2125 1724 2025 1966 1871 81.3 70.4 197 176 058 
300 Coco 1011 1253 4942 5179 1134 5069 54.6 88.1 168 188 058 
301 Coco 2628 2869 4716 4960 2752 4835 77.4 75.7 109 235 058 
302 Raphia 2196 2543 685 1023 2359 869 94.9 66.4 108 002 059 
303 Raphia 5236 5545 920 1225 5391 1078 99.8 61.9 079 014 059 
304 Raphia 2625 2945 716 1018 2778 867 93.1 74.0 020 061 059 
305 Raphia 2429 2738 305 607 2578 464 87.1 67.1 217 107 059 
306 Raphia 4202 4566 0 213 4387 75 101.6 49.0 187 142 059 
307 Raphia 1949 1998 0 47 1965 18 45.8 12.6 128 189 059 
308 Raphia 3638 3936 99 433 3791 247 78.6 68.5 099 201 059 
309 Raphia 2570 2626 0 40 2588 14 26.1 11.7 069 236 059 
310 Coco 857 1109 2818 3063 987 2938 60.8 63.8 208 050 060 
311 Coco 2693 2927 2403 2629 2808 2512 65.7 75.7 090 144 060 
312 Coco 0 66 2161 2323 25 2240 16.3 57.5 031 191 060 
313 Coco 1695 1918 2207 2424 1804 2318 49.7 77.6 228 237 060 
314 Coco 4711 4949 1768 2008 4828 1884 63.8 58.6 169 028 061 
315 Coco 886 1125 1401 1636 989 1536 53.3 67.7 051 122 061 
316 Coco 3281 3525 909 1157 3399 1025 70.9 56.5 130 006 062 
317 Coco 5398 5646 356 586 5515 477 69.0 52.2 150 193 062 
318 Coco 4894 5160 183 435 5024 310 80.7 51.0 091 240 062 
319 Coco 5448 5672 207 448 5594 332 69.4 57.7 032 031 063 
320 Coco 0 126 0 168 37 68 28.8 39.5 229 077 063 
321 Raphia 4469 4687 6168 6359 4571 6278 90.7 77.2 219 043 064 
322 Raphia 5071 5283 6172 6359 5176 6274 101.4 91.0 160 090 064 
323 Raphia 1093 1284 5964 6161 1191 6061 55.3 103.3 101 137 064 
324 Raphia 2866 3081 5162 5385 2979 5272 79.5 57.4 121 068 065 
325 Raphia 1683 1884 4573 4783 1777 4677 62.5 66.8 003 162 065 
326 Raphia 4474 4676 4579 4782 4574 4678 80.0 73.4 200 208 065 
327 Raphia 2088 2282 4379 4574 2185 4476 61.2 78.6 023 093 066 
328 Raphia 3480 3685 4368 4564 3584 4471 86.7 42.6 220 139 066 
329 Raphia 5671 5759 3789 3980 5732 3882 98.6 57.9 161 186 066 
330 Coco 2998 3248 6143 6359 3115 6272 95.1 116.6 073 245 066 
331 Raphia 5676 5759 3396 3562 5731 3476 70.0 91.4 181 117 067 
332 Coco 1614 1852 5739 5994 1733 5865 70.4 87.5 152 129 067 
333 Coco 1806 2048 5745 6011 1918 5882 74.0 107.4 093 176 067 
334 Raphia 5264 5474 3182 3378 5369 3280 72.7 68.7 063 211 067 
335 Coco 1315 1545 5405 5651 1415 5525 64.9 78.2 231 013 068 
336 Raphia 81 284 2980 3174 186 3080 42.8 69.4 201 048 068 
337 Coco 3029 3260 5408 5648 3145 5527 91.8 73.5 172 060 068 
338 Raphia 81 280 1987 2183 183 2087 42.6 56.1 083 142 068 
339 Raphia 666 881 1578 1776 778 1671 52.7 64.8 024 189 068 
340 Coco 1659 1899 4314 4542 1776 4419 58.2 58.4 251 200 068 
341 Coco 5216 5466 4404 4656 5367 4512 93.8 83.1 192 247 068 
342 Coco 2005 2244 3548 3787 2121 3668 68.4 51.0 133 038 069 
343 Raphia 681 869 786 974 773 882 51.1 54.7 103 073 069 
344 Coco 2424 2656 3620 3849 2544 3720 69.7 65.6 074 085 069 
345 Raphia 1268 1479 372 582 1374 476 66.5 45.8 044 120 069 
346 Coco 38 283 3414 3659 159 3536 53.0 95.0 015 132 069 
347 Coco 1300 1539 3156 3407 1422 3292 66.9 67.4 094 016 070 
348 Coco 2317 2544 3135 3358 2421 3245 67.4 81.8 035 063 070 
349 Coco 4817 5044 2917 3145 4935 3039 65.1 54.6 232 109 070 
350 Coco 4511 4764 2743 2990 4626 2856 81.0 84.0 173 156 070 
351 Coco 903 1143 2541 2777 1014 2652 57.8 63.2 114 203 070 
352 Coco 5269 5522 2298 2551 5398 2420 75.2 85.8 055 250 070 
353 Coco 5643 5759 1825 2021 5718 1939 107.1 67.4 193 087 071 
354 Coco 4306 4529 1213 1449 4412 1320 65.5 57.2 075 181 071 
355 Coco 81 317 498 744 189 619 45.6 61.7 016 228 071 
356 Coco 1083 1318 202 443 1199 319 69.5 48.7 036 159 072 
357 Coco 2875 3105 0 241 2979 117 86.8 50.8 174 252 072 
358 Coco 4882 5127 0 262 4993 134 80.8 53.8 115 043 073 
359 Raphia 5474 5664 5963 6161 5569 6071 87.4 63.7 204 080 075 
360 Raphia 1294 1478 5562 5763 1384 5674 44.5 59.2 145 127 075 
361 Raphia 2476 2672 5580 5764 2577 5670 55.5 107.8 086 174 075 
362 Raphia 690 894 4778 4972 789 4876 52.9 59.5 224 011 076 
363 Raphia 3877 4069 4586 4770 3978 4672 66.2 98.9 165 058 076 
364 Raphia 5674 5759 4584 4767 5729 4676 47.2 70.9 106 105 076 
365 Raphia 0 82 3395 3566 24 3477 18.8 60.9 185 245 076 
366 Raphia 5469 5667 2374 2573 5572 2479 48.8 45.9 205 176 077 
367 Raphia 1481 1673 1583 1790 1577 1678 59.5 58.2 087 014 078 
368 Coco 3813 4049 5563 5794 3923 5677 93.9 67.6 058 026 078 
369 Raphia 1075 1279 1179 1381 1171 1275 59.5 60.2 225 107 078 
370 Coco 3204 3457 5357 5615 3322 5485 83.2 69.5 137 166 078 
371 Raphia 4079 4270 970 1176 4175 1078 76.7 59.8 107 201 078 
372 Raphia 1877 2072 782 977 1974 868 71.8 53.6 048 248 078 
373 Raphia 4862 5076 388 587 4967 487 99.3 50.5 245 038 079 
374 Coco 4011 4238 4940 5177 4134 5055 69.4 103.8 216 050 079 
375 Raphia 5673 5759 0 163 5733 80 88.0 37.4 186 085 079 
376 Coco 1905 2145 4350 4600 2032 4475 61.7 85.3 157 097 079 
377 Coco 1100 1350 4207 4454 1229 4314 69.4 101.2 098 144 079 
378 Coco 2462 2698 4103 4351 2581 4221 76.8 71.3 039 191 079 
379 Coco 4868 5126 3806 4062 4994 3940 64.5 89.6 059 122 080 
380 Coco 615 849 3571 3806 726 3693 49.1 83.6 000 169 080 
381 Coco 588 854 3168 3424 715 3306 66.0 73.8 197 215 080 
382 Coco 4504 4749 3153 3394 4622 3265 91.0 52.9 138 006 081 
383 Coco 819 1077 3025 3265 954 3139 56.7 90.0 079 053 081 
384 Coco 1503 1740 2756 3001 1629 2877 67.6 81.8 217 146 081 
385 Coco 0 163 2559 2791 59 2660 46.3 90.9 158 193 081 
386 Coco 689 942 2607 2846 814 2717 58.4 54.9 099 240 081 
387 Coco 395 647 1969 2213 516 2098 57.8 80.7 237 077 082 
388 Coco 911 1155 1801 2032 1018 1916 54.2 53.8 119 171 082 
389 Coco 2866 3091 1704 1940 2982 1826 84.0 66.4 060 218 082 
390 Coco 2877 3131 1605 1849 3011 1724 58.0 53.9 198 055 083 
391 Coco 3406 3635 1327 1570 3527 1452 91.1 65.2 139 102 083 
392 Coco 3514 3768 958 1207 3642 1085 79.9 66.7 080 149 083 
393 Raphia 1833 2131 5339 5638 1976 5486 61.9 112.9 050 184 083 
394 Coco 1635 1896 198 468 1756 314 61.9 54.5 159 033 084 
395 Raphia 1219 1516 4937 5218 1376 5094 79.9 90.2 129 068 084 
396 Coco 4073 4338 190 448 4208 324 62.5 55.7 100 080 084 
397 Raphia 1036 1310 4533 4822 1168 4687 64.8 84.4 208 208 084 
398 Raphia 5239 5534 4534 4811 5386 4682 87.0 100.5 149 255 084 
399 Raphia 4438 4745 4338 4627 4574 4482 65.1 81.9 031 093 085 
400 Raphia 4823 5139 4338 4643 4989 4488 87.2 93.7 228 139 085 
401 Raphia 3637 3920 4131 4405 3784 4281 100.0 86.6 110 233 085 
402 Raphia 5435 5737 4138 4449 5614 4292 100.9 86.4 051 024 086 
403 Raphia 5439 5759 3944 4251 5607 4086 111.0 78.4 248 070 086 
404 Raphia 626 912 3740 4035 773 3884 58.2 90.1 189 117 086 
405 Raphia 2632 2918 3733 4013 2783 3885 64.0 96.3 130 164 086 
406 Raphia 2813 3122 3319 3616 2980 3469 84.2 70.0 209 048 087 
407 Raphia 3438 3739 2921 3213 3586 3073 90.9 76.8 091 142 087 
408 Raphia 0 288 2327 2622 153 2479 61.2 68.2 032 189 087 
409 Raphia 5251 5553 1936 2221 5380 2081 88.0 83.7 229 235 087 
410 Raphia 4 283 1733 2018 165 1879 57.9 69.5 170 026 088 
411 Raphia 3820 4136 1720 2023 3983 1877 99.1 72.9 111 073 088 
412 Raphia 0 303 1526 1830 159 1669 62.4 73.1 052 120 088 
413 Raphia 417 700 1311 1603 564 1465 65.8 72.2 249 166 088 
414 Coco 1642 1893 6222 6359 1771 6326 71.7 82.1 220 178 088 
415 Raphia 5428 5722 1329 1635 5579 1472 80.2 68.3 190 213 088 
416 Coco 688 911 6019 6263 805 6130 59.1 76.9 161 225 088 
417 Coco 3320 3555 5575 5805 3438 5676 88.0 80.2 102 016 089 
418 Raphia 2237 2525 935 1219 2374 1068 89.1 66.2 072 051 089 
419 Coco 4196 4443 5341 5584 4323 5464 77.7 82.7 043 063 089 
420 Raphia 1597 1926 708 1017 1770 868 71.6 63.5 013 098 089 
421 Coco 4509 4741 5210 5452 4621 5319 55.4 67.0 240 109 089 
422 Coco 2010 2245 4941 5172 2129 5059 65.8 76.9 181 156 089 
423 Coco 1434 1681 4697 4951 1558 4825 68.8 71.3 004 041 090 
424 Coco 5315 5567 4733 4971 5434 4847 84.6 81.7 201 087 090 
425 Coco 5608 5759 4357 4609 5708 4478 92.0 90.8 142 134 090 
426 Coco 4861 5117 4221 4470 4987 4333 55.8 91.3 024 228 090 
427 Coco 4648 4887 3908 4146 4761 4028 74.0 71.7 162 065 091 
428 Coco 1205 1446 3746 3994 1338 3869 70.1 65.5 044 159 091 
429 Coco 1717 1950 3782 4010 1825 3896 51.3 80.6 241 205 091 
430 Coco 3327 3557 2959 3192 3432 3071 76.3 65.1 143 230 092 
431 Coco 4480 4722 2013 2258 4606 2138 68.4 75.5 222 114 093 
432 Coco 2122 2359 1535 1769 2235 1658 55.3 52.6 163 161 093 
433 Raphia 5382 5416 6341 6359 5391 6352 33.2 55.5 133 196 093 
434 Coco 4813 5040 1353 1583 4916 1467 93.2 59.6 104 208 093 
435 Raphia 9 321 6136 6359 166 6273 64.8 98.5 074 243 093 
436 Coco 5640 5759 1436 1626 5719 1533 76.9 69.7 045 255 093 
437 Raphia 4844 5145 6133 6359 4987 6271 79.5 109.0 015 034 094 
438 Coco 2918 3148 321 551 3025 447 62.8 50.0 183 092 094 
439 Raphia 4635 4937 5728 6043 4784 5887 110.6 76.8 094 174 094 
440 Coco 3462 3716 0 136 3579 50 62.7 35.0 065 186 094 
441 Raphia 5447 5728 5541 5844 5587 5695 75.7 85.2 232 011 095 
442 Raphia 3835 4151 4919 5233 3989 5086 72.4 120.2 114 105 095 
443 Raphia 1627 1917 3926 4219 1771 4082 75.8 96.8 193 245 095 
444 Raphia 3019 3333 3727 4043 3181 3866 91.2 92.3 134 036 096 
445 Raphia 1009 1314 3537 3831 1161 3680 66.9 86.9 016 130 096 
446 Raphia 3034 3334 3532 3833 3179 3683 94.7 82.2 213 176 096 
447 Raphia 3020 3325 3335 3636 3178 3479 95.2 65.8 154 223 096 
448 Raphia 3640 3936 3138 3435 3774 3271 76.4 59.8 233 107 097 
449 Raphia 3031 3334 2923 3225 3184 3079 98.4 69.9 174 154 097 
450 Raphia 4421 4740 1700 2028 4588 1867 68.7 79.8 135 132 098 
451 Raphia 606 929 289 623 770 458 74.2 62.7 155 063 099 
452 Coco 1193 1430 5742 5998 1313 5868 69.7 111.4 126 075 099 
453 Raphia 603 928 89 417 760 248 71.5 67.3 037 157 099 
454 Coco 2598 2838 5586 5824 2718 5707 88.4 72.8 008 169 099 
455 Coco 5619 5759 5555 5783 5711 5667 58.6 56.9 205 215 099 
456 Coco 1653 1902 5086 5339 1769 5218 61.1 110.9 087 053 100 
457 Coco 5434 5652 5122 5357 5545 5237 108.4 92.8 028 100 100 
458 Coco 1783 2030 4970 5205 1913 5093 78.1 97.7 225 146 100 
459 Coco 2423 2648 4927 5153 2538 5037 63.3 102.6 166 193 100 
460 Coco 5514 5754 4923 5155 5619 5048 97.3 97.8 107 240 100 
461 Coco 2919 3155 4727 4957 3034 4842 56.6 81.3 048 031 101 
462 Coco 652 888 4509 4743 781 4640 52.5 52.6 245 077 101 
463 Coco 3265 3506 4423 4676 3393 4547 65.9 102.2 186 124 101 
464 Coco 5201 5448 3547 3789 5318 3677 58.5 65.5 009 009 102 
465 Coco 2040 2285 3033 3261 2169 3133 86.5 92.5 088 149 102 
466 Coco 2728 2953 2980 3206 2841 3085 61.3 77.1 029 196 102 
467 Coco 2036 2274 2290 2535 2152 2414 76.8 58.6 226 242 102 
468 Coco 2402 2639 2405 2637 2522 2516 63.2 47.6 167 033 103 
469 Coco 4679 4928 2089 2317 4800 2207 76.6 65.5 049 127 103 
470 Raphia 3485 3675 4976 5163 3580 5066 51.1 53.2 157 255 103 
471 Coco 4882 5126 892 1121 5001 1008 80.8 64.9 069 058 104 
472 Raphia 296 482 4382 4565 391 4480 44.1 87.6 177 186 104 
473 Coco 2914 3147 194 421 3019 309 75.9 48.1 148 198 104 
474 Raphia 676 883 4171 4377 780 4274 48.7 64.0 118 233 104 
475 Coco 253 377 0 25 343 10 35.7 6.5 089 245 104 
476 Raphia 1889 2070 4182 4372 1978 4278 56.3 44.8 059 024 105 
477 Raphia 4076 4274 3778 3972 4175 3878 67.3 96.3 000 071 105 
478 Raphia 4276 4479 3579 3771 4382 3673 53.9 95.2 197 117 105 
479 Raphia 3480 3676 3380 3578 3577 3481 52.7 83.8 138 164 105 
480 Raphia 3476 3676 3175 3377 3574 3276 60.2 70.4 020 002 106 
481 Raphia 490 682 2991 3175 578 3074 43.1 53.3 217 048 106 
482 Raphia 5474 5674 2781 2979 5576 2878 83.8 50.7 158 095 106 
483 Raphia 5671 5759 2793 2975 5729 2884 103.1 60.7 099 142 106 
484 Raphia 3080 3273 2584 2774 3178 2683 51.4 64.7 040 189 106 
485 Raphia 3289 3469 2388 2574 3377 2481 62.1 71.5 178 026 107 
486 Raphia 4276 4469 1787 1971 4373 1882 83.2 47.1 001 167 107 
487 Raphia 1667 1884 1377 1584 1777 1479 46.9 57.6 139 004 108 
488 Raphia 2886 3078 1380 1576 2981 1475 59.9 66.0 080 051 108 
489 Raphia 3283 3470 1389 1563 3380 1474 77.5 58.0 021 098 108 
490 Raphia 278 478 785 975 374 869 42.2 48.5 100 238 108 
491 Raphia 2685 2876 588 785 2775 682 59.7 42.2 041 029 109 
492 Raphia 3480 3675 584 783 3577 685 86.5 41.2 238 075 109 
493 Coco 2213 2461 6034 6294 2346 6158 84.0 69.3 111 112 110 
494 Coco 2796 3056 6006 6261 2931 6135 65.0 116.0 052 159 110 
495 Coco 3499 3742 5098 5362 3613 5229 95.5 95.7 190 252 110 
496 Coco 4994 5243 5147 5390 5129 5270 104.8 89.4 131 043 111 
497 Coco 1392 1639 4403 4641 1520 4501 69.2 92.4 013 137 111 
498 Coco 4225 4464 4434 4653 4348 4541 76.0 74.8 210 183 111 
499 Coco 2022 2279 3078 3336 2153 3217 63.7 55.5 033 068 112 
500 Coco 0 63 2835 3008 20 2935 16.3 53.3 230 114 112 
501 Raphia 1888 2076 5579 5774 1983 5680 66.6 100.3 200 149 112 
502 Raphia 4283 4474 5570 5774 4375 5670 101.2 100.9 141 196 112 
503 Coco 4006 4262 2190 2429 4145 2312 65.0 81.8 112 208 112 
504 Coco 880 1121 2005 2262 998 2135 49.6 69.9 250 045 113 
505 Raphia 3880 4084 5167 5368 3979 5274 95.2 73.2 161 127 113 
506 Coco 347 619 1762 2015 486 1883 63.4 54.8 132 139 113 
507 Coco 1906 2156 1516 1749 2026 1628 68.7 73.3 073 186 113 
508 Coco 2418 2675 1469 1731 2552 1607 53.7 54.2 014 233 113 
509 Coco 4835 5075 1491 1737 4953 1612 83.7 70.1 211 023 114 
510 Raphia 3284 3474 4584 4768 3377 4681 88.4 93.1 181 058 114 
511 Raphia 1291 1483 4179 4373 1386 4274 46.0 82.9 063 152 114 
512 Coco 715 961 920 1173 836 1051 56.6 67.3 034 164 114 
513 Raphia 1687 1881 4183 4371 1784 4273 54.8 79.9 004 199 114 
514 Coco 4117 4348 684 917 4231 808 92.5 62.9 231 210 114 
515 Raphia 4075 4279 4171 4371 4174 4277 87.7 52.1 201 245 114 
516 Coco 4647 4878 484 731 4767 608 69.7 57.3 113 048 115 
517 Coco 5003 5258 378 616 5127 490 110.5 57.0 054 095 115 
518 Raphia 2478 2676 3182 3378 2580 3284 74.9 85.1 221 176 115 
519 Raphia 2891 3074 3185 3374 2981 3278 41.9 55.4 162 223 115 
520 Coco 195 424 0 119 319 50 54.2 32.9 133 235 115 
521 Raphia 3881 4086 2981 3183 3979 3082 78.8 49.5 103 014 116 
522 Coco 2296 2521 0 241 2403 114 78.7 51.0 074 026 116 
523 Coco 3336 3406 0 50 3375 14 66.8 11.3 015 073 116 
524 Raphia 3884 4072 2782 2974 3978 2879 69.7 71.1 182 154 116 
525 Raphia 4674 4876 2588 2787 4774 2685 64.4 61.8 123 201 116 
526 Raphia 2679 2879 2190 2386 2777 2286 78.5 62.7 202 085 117 
527 Raphia 3287 3479 1987 2175 3394 2075 77.2 72.7 143 132 117 
528 Raphia 0 72 1383 1573 23 1478 18.4 61.7 025 226 117 
529 Raphia 2882 3073 987 1176 2976 1080 76.7 60.8 104 110 118 
530 Raphia 1084 1279 379 582 1177 478 57.3 40.7 242 203 118 
531 Raphia 481 675 0 176 577 78 51.1 37.3 183 250 118 
532 Coco 2179 2427 6195 6359 2305 6302 62.1 73.2 253 077 120 
533 Coco 3850 4058 6232 6359 3951 6314 94.3 88.9 194 124 120 
534 Coco 903 1163 5961 6214 1035 6079 62.7 95.5 076 218 120 
535 Coco 3590 3836 6009 6248 3712 6132 72.6 106.2 017 009 121 
536 Coco 322 557 5195 5431 434 5319 54.1 94.7 214 055 121 
537 Coco 2989 3232 4533 4781 3121 4659 76.7 59.5 155 102 121 
538 Coco 4998 5254 4570 4823 5116 4697 112.0 110.1 096 149 121 
539 Raphia 1414 1724 5733 6041 1571 5885 81.9 89.7 165 255 122 
540 Raphia 3032 3343 5725 6048 3188 5881 99.7 111.3 106 046 123 
541 Coco 5054 5290 2698 2933 5165 2815 57.9 81.6 077 058 123 
542 Coco 2925 3154 2106 2346 3033 2227 82.5 63.4 215 151 123 
543 Coco 5411 5663 1912 2160 5544 2028 102.6 73.7 156 198 123 
544 Raphia 219 528 5346 5643 375 5502 60.5 80.7 126 233 123 
545 Raphia 420 728 4943 5244 568 5092 62.5 70.8 067 024 124 
546 Raphia 627 930 4933 5240 780 5080 71.3 101.3 008 071 124 
547 Raphia 0 121 4750 5011 40 4892 27.9 109.2 205 117 124 
548 Coco 954 1218 1333 1592 1086 1461 60.9 66.6 176 129 124 
549 Raphia 5025 5341 4730 5039 5191 4885 104.3 90.0 146 164 124 
550 Coco 3731 3975 889 1147 3846 1020 59.4 63.7 117 176 124 
551 Raphia 0 123 4141 4413 42 4256 27.4 79.1 087 211 124 
552 Coco 5601 5759 959 1178 5696 1058 94.5 59.4 058 223 124 
553 Coco 3602 3852 477 726 3727 608 87.3 54.9 196 060 125 
554 Coco 4427 4669 612 856 4564 711 75.5 58.2 137 107 125 
555 Coco 5615 5759 590 850 5714 724 105.7 67.2 078 154 125 
556 Raphia 3227 3524 3737 4032 3382 3884 94.8 69.5 048 189 125 
557 Raphia 4625 4943 3131 3445 4787 3277 113.0 88.8 245 235 125 
558 Raphia 5235 5549 2927 3243 5387 3083 115.9 83.2 127 073 126 
559 Coco 1641 1666 0 16 1655 4 15.5 4.3 098 085 126 
560 Raphia 5031 5347 2316 2636 5186 2481 111.8 67.5 206 213 126 
561 Raphia 403 728 1490 1810 559 1659 72.6 77.7 147 004 127 
562 Raphia 11 320 1103 1420 162 1262 63.0 72.8 088 051 127 
563 Raphia 5436 5743 519 821 5587 668 79.7 71.1 167 191 127 
564 Raphia 1620 1921 0 221 1768 82 80.4 51.5 049 029 128 
565 Raphia 3030 3337 0 225 3190 71 91.1 48.5 246 075 128 
566 Coco 801 1058 6098 6353 932 6230 62.8 64.1 238 114 131 
567 Coco 3352 3590 6157 6359 3463 6280 71.0 77.6 179 161 131 
568 Coco 0 148 5925 6165 51 6054 33.3 98.9 061 255 131 
569 Coco 346 618 5765 6016 485 5900 55.8 66.7 199 092 132 
570 Coco 2203 2440 5744 5978 2321 5848 64.2 61.6 140 139 132 
571 Coco 4662 4910 5087 5321 4785 5209 72.5 81.1 022 233 132 
572 Raphia 1887 2047 6328 6359 2011 6349 52.5 99.2 248 011 133 
573 Coco 3321 3554 5020 5249 3441 5138 69.4 102.3 219 023 133 
574 Raphia 613 919 5538 5839 745 5676 61.9 105.0 130 105 133 
575 Raphia 1639 1908 4940 5227 1764 5073 64.7 95.1 071 152 133 
576 Coco 4578 4820 4376 4635 4712 4507 87.6 73.6 239 210 133 
577 Coco 5137 5378 4417 4640 5254 4534 114.2 89.7 180 001 134 
578 Raphia 1029 1318 4326 4629 1166 4477 58.2 86.3 091 083 134 
579 Coco 3407 3639 4223 4452 3520 4332 78.3 70.8 062 095 134 
580 Raphia 5426 5735 4328 4641 5582 4485 62.1 74.3 032 130 134 
581 Raphia 1826 2129 3735 4018 1986 3876 79.8 101.7 229 176 134 
582 Coco 430 691 2648 2892 564 2759 61.3 79.1 200 188 134 
583 Coco 3415 3653 2523 2744 3529 2624 79.5 75.8 141 235 134 
584 Coco 1295 1527 2105 2347 1418 2229 59.1 62.2 082 026 135 
585 Coco 4351 4610 1931 2194 4472 2059 61.5 56.2 023 073 135 
586 Raphia 1424 1719 2541 2838 1578 2679 74.0 87.9 190 154 135 
587 Coco 683 935 1391 1629 805 1520 60.9 63.5 161 166 135 
588 Raphia 4239 4551 2538 2846 4381 2698 95.5 67.6 131 201 135 
589 Coco 2402 2645 766 1025 2522 893 48.1 62.6 043 004 136 
590 Coco 3609 3861 670 920 3735 796 62.2 55.2 240 050 136 
591 Coco 2778 3030 501 760 2904 638 61.0 59.4 181 097 136 
592 Raphia 3022 3339 2124 2425 3185 2280 88.0 82.4 151 132 136 
593 Coco 2115 2352 378 614 2225 508 77.0 52.9 122 144 136 
594 Coco 4330 4568 161 406 4450 289 107.0 53.2 004 238 136 
595 Raphia 621 918 1111 1419 763 1264 68.1 67.8 230 016 137 
596 Coco 5460 5685 0 127 5565 40 89.4 29.9 142 075 137 
597 Raphia 4426 4728 927 1233 4583 1066 78.5 68.0 112 110 137 
598 Raphia 4632 4949 927 1241 4796 1066 91.1 80.1 053 157 137 
599 Raphia 3035 3317 506 820 3177 664 78.5 71.4 250 203 137 
600 Raphia 4445 4744 329 618 4584 469 94.6 62.9 191 250 137 
601 Coco 4199 4437 4966 5191 4322 5063 69.8 94.9 124 080 141 
602 Coco 5022 5262 4910 5138 5143 5026 52.7 104.3 065 127 141 
603 Raphia 5177 5183 6357 6359 5179 6358 78.9 71.3 055 093 142 
604 Coco 2689 2926 3437 3689 2815 3565 82.9 93.8 164 198 142 
605 Raphia 4463 4669 5767 5981 4566 5873 94.1 51.6 134 233 142 
606 Coco 5091 5343 3267 3520 5228 3391 73.7 74.9 105 245 142 
607 Raphia 1490 1683 5564 5769 1582 5665 67.4 110.2 075 024 143 
608 Coco 422 661 3083 3324 536 3200 55.1 55.5 046 036 143 
609 Raphia 2278 2483 4770 4983 2380 4876 67.6 73.1 213 117 143 
610 Raphia 3076 3282 4763 4972 3178 4867 53.0 69.1 154 164 143 
611 Coco 4344 4602 2931 3172 4471 3041 90.2 90.6 125 176 143 
612 Raphia 880 1088 4575 4770 977 4680 48.4 74.9 095 211 143 
613 Raphia 2090 2285 4577 4775 2181 4671 66.5 90.1 036 002 144 
614 Coco 834 1071 2278 2527 942 2401 56.9 82.3 204 060 144 
615 Coco 1370 1622 2344 2588 1497 2456 72.8 80.1 145 107 144 
616 Raphia 896 1086 3783 3968 989 3878 45.8 68.3 115 142 144 
617 Raphia 0 75 3580 3769 26 3658 21.4 96.8 056 189 144 
618 Raphia 5462 5678 3578 3779 5568 3687 62.4 80.1 253 235 144 
619 Coco 2313 2556 1800 2042 2424 1925 73.6 56.6 224 247 144 
620 Coco 4096 4340 1215 1477 4226 1345 67.5 57.1 047 132 145 
621 Raphia 5261 5470 2573 2787 5373 2677 61.7 71.1 017 167 145 
622 Coco 5182 5448 1143 1399 5310 1267 107.9 57.1 244 178 145 
623 Coco 21 261 863 1109 132 985 49.4 57.6 185 225 145 
624 Raphia 4473 4671 2375 2587 4575 2483 95.1 47.8 155 004 146 
625 Coco 3141 3393 975 1226 3257 1107 83.1 66.7 126 016 146 
626 Raphia 4863 5082 2369 2583 4973 2481 62.0 52.6 096 051 146 
627 Coco 501 751 512 754 622 627 57.8 58.2 067 063 146 
628 Raphia 2081 2289 2169 2379 2183 2276 73.4 75.8 037 098 146 
629 Raphia 5075 5280 2183 2380 5182 2279 106.3 63.3 234 144 146 
630 Coco 2262 2502 400 665 2379 536 58.6 59.3 205 156 146 
631 Raphia 4273 4487 1575 1788 4382 1678 70.3 68.8 116 238 146 
632 Coco 2733 2951 0 121 2825 48 70.4 32.1 087 250 146 
633 Raphia 4277 4473 1388 1583 4375 1484 74.8 62.8 057 029 147 
634 Coco 4990 5259 0 183 5120 66 104.5 40.7 028 041 147 
635 Raphia 1281 1489 779 983 1382 874 52.2 52.7 195 122 147 
636 Raphia 3868 4076 372 591 3974 481 86.1 44.8 077 216 147 
637 Raphia 75 273 0 180 176 81 41.2 39.7 018 007 148 
638 Coco 5306 5487 6231 6359 5390 6319 80.9 83.2 148 139 151 
639 Coco 4908 5168 5835 6099 5039 5965 58.9 106.8 227 023 152 
640 Coco 5624 5759 4927 5156 5711 5028 47.8 61.4 247 210 152 
641 Coco 4408 4644 4194 4448 4519 4320 98.2 93.6 208 188 153 
642 Raphia 0 123 5585 5812 43 5742 28.4 70.6 178 223 153 
643 Coco 4338 4595 3920 4178 4467 4039 60.4 86.3 090 026 154 
644 Raphia 4836 5136 5346 5654 4992 5493 115.9 120.7 060 061 154 
645 Coco 5331 5591 3816 4079 5464 3943 78.5 67.5 031 073 154 
646 Raphia 5618 5759 5353 5622 5719 5489 92.0 81.5 001 108 154 
647 Raphia 4844 5147 5124 5433 4992 5288 66.2 84.8 198 154 154 
648 Coco 3708 3945 3279 3516 3819 3399 60.8 54.6 169 166 154 
649 Raphia 0 126 4577 4794 44 4688 29.9 70.0 139 201 154 
650 Coco 39 289 2658 2903 162 2790 53.4 85.9 248 050 155 
651 Raphia 1817 2123 3928 4228 1976 4082 76.5 107.5 218 085 155 
652 Coco 2601 2843 2826 3062 2725 2947 85.2 89.8 189 097 155 
653 Raphia 5222 5550 3934 4220 5404 4074 104.7 91.0 159 132 155 
654 Coco 3583 3822 2518 2759 3706 2647 84.9 82.5 130 144 155 
655 Raphia 3456 3737 3737 4021 3588 3875 95.1 93.3 100 179 155 
656 Coco 686 938 1998 2251 819 2122 51.2 75.2 071 191 155 
657 Coco 3102 3363 1405 1658 3235 1536 66.3 68.3 209 028 156 
658 Raphia 5215 5548 2720 3017 5386 2865 87.5 86.4 179 063 156 
659 Raphia 5442 5726 2127 2434 5582 2274 111.5 74.8 002 204 156 
660 Coco 1560 1805 534 780 1685 657 56.8 53.5 229 215 156 
661 Raphia 5631 5759 2125 2425 5722 2275 109.6 80.3 199 250 156 
662 Coco 2211 2461 610 864 2342 730 83.6 57.0 170 006 157 
663 Raphia 1202 1547 1513 1837 1374 1679 82.1 76.6 140 041 157 
664 Raphia 3621 3934 1531 1832 3777 1675 77.0 86.2 081 088 157 
665 Coco 2453 2690 34 317 2574 168 56.2 59.4 249 146 157 
666 Raphia 4220 4538 934 1234 4382 1069 94.9 79.6 219 181 157 
667 Coco 2995 3241 56 319 3112 191 76.6 58.2 190 193 157 
668 Coco 4511 4756 0 228 4636 109 97.8 48.6 131 240 157 
669 Raphia 3228 3525 309 629 3377 463 84.3 63.0 121 206 158 
670 Coco 1095 1249 6231 6359 1183 6318 57.4 84.3 015 014 163 
671 Raphia 1888 2086 6159 6359 1979 6267 48.4 105.2 182 095 163 
672 Coco 562 815 5729 5970 689 5854 61.9 104.0 153 107 163 
673 Raphia 2481 2681 6164 6359 2577 6269 66.3 87.7 123 142 163 
674 Coco 5220 5459 5514 5757 5350 5628 107.4 90.1 094 154 163 
675 Raphia 1679 1881 5381 5573 1780 5474 50.8 111.2 005 236 163 
676 Raphia 3478 3677 5367 5575 3574 5472 81.9 46.8 202 026 164 
677 Raphia 2092 2283 5164 5367 2179 5268 66.8 62.1 143 073 164 
678 Coco 849 1076 4880 5120 963 5007 57.2 79.8 114 085 164 
679 Coco 2989 3225 5026 5259 3109 5132 69.1 92.3 055 132 164 
680 Raphia 4072 4272 4779 4968 4174 4874 67.5 41.6 025 167 164 
681 Coco 3600 3842 4508 4754 3726 4624 69.2 61.9 252 178 164 
682 Coco 193 431 4236 4472 314 4357 56.8 102.5 193 225 164 
683 Raphia 487 693 3979 4174 590 4074 42.0 49.7 163 004 165 
684 Coco 5338 5620 4114 4350 5484 4238 97.1 86.4 134 016 165 
685 Coco 5141 5405 4003 4237 5285 4109 93.0 100.1 075 063 165 
686 Raphia 1477 1681 3585 3785 1583 3682 47.6 92.6 045 098 165 
687 Raphia 2675 2879 3584 3778 2774 3689 51.0 58.3 242 144 165 
688 Coco 465 706 3645 3881 578 3762 57.4 86.1 213 156 165 
689 Coco 4943 5202 3338 3569 5076 3456 60.6 94.9 095 250 165 
690 Raphia 291 491 2592 2778 388 2677 42.0 79.7 065 029 166 
691 Raphia 2481 2680 2186 2378 2579 2282 74.5 73.5 006 076 166 
692 Coco 690 935 2810 3058 808 2942 62.6 74.6 233 087 166 
693 Raphia 4274 4483 2184 2390 4376 2281 91.6 54.0 203 122 166 
694 Coco 2764 3006 2558 2798 2891 2674 59.0 77.9 115 181 166 
695 Raphia 1883 2073 1381 1573 1975 1475 53.7 54.0 085 216 166 
696 Coco 4256 4485 2431 2677 4374 2545 97.9 73.8 056 228 166 
697 Raphia 4069 4282 1380 1592 4174 1491 62.2 54.0 026 007 167 
698 Coco 4944 5187 2010 2241 5062 2125 91.6 63.8 253 018 167 
699 Coco 960 1219 1661 1922 1098 1792 68.0 55.2 135 112 167 
700 Raphia 0 79 1183 1378 21 1279 18.3 50.3 105 147 167 
701 Coco 2700 2925 1672 1911 2803 1791 73.8 57.6 076 159 167 
702 Raphia 476 675 773 979 579 878 51.8 48.9 243 240 167 
703 Coco 2359 2616 1311 1575 2491 1443 75.3 52.8 096 090 168 
704 Coco 4587 4829 1347 1591 4711 1464 51.4 70.6 037 137 168 
705 Coco 1907 2143 862 1110 2026 990 64.4 65.5 234 183 168 
706 Coco 0 76 228 381 21 320 18.9 45.1 254 114 169 
707 Raphia 4867 5079 5972 6184 4965 6082 94.6 72.1 009 108 173 
708 Coco 1343 1607 5215 5469 1477 5336 62.2 53.4 236 119 173 
709 Coco 2798 3057 4889 5146 2933 5012 80.4 83.4 118 213 173 
710 Coco 3504 3753 4679 4944 3625 4809 65.4 99.7 059 004 174 
711 Raphia 4482 4675 4774 4968 4579 4874 52.1 41.7 029 039 174 
712 Raphia 2699 2875 4593 4768 2794 4692 81.1 85.0 226 085 174 
713 Coco 1404 1650 4473 4716 1536 4599 68.2 72.3 197 097 174 
714 Coco 2964 3216 4392 4643 3086 4511 71.4 95.8 138 144 174 
715 Coco 4234 4471 4079 4311 4362 4194 52.7 98.1 079 191 174 
716 Coco 2429 2681 3851 4109 2563 3984 76.2 102.4 020 238 174 
717 Raphia 1090 1290 3187 3374 1184 3275 47.4 79.1 246 016 175 
718 Coco 3067 3297 3870 4100 3183 3990 91.1 51.7 217 028 175 
719 Coco 0 220 3587 3815 73 3697 49.9 86.5 158 075 175 
720 Raphia 4083 4282 2975 3177 4179 3077 81.9 84.5 128 110 175 
721 Raphia 1690 1868 2799 2976 1783 2882 59.0 72.4 069 157 175 
722 Coco 1696 1936 3272 3522 1807 3395 73.0 89.5 040 169 175 
723 Coco 2342 2572 3313 3547 2458 3434 85.3 69.1 237 215 175 
724 Raphia 3680 3866 1788 1968 3773 1883 87.0 45.9 148 041 176 
725 Raphia 873 1075 984 1168 983 1079 47.9 56.6 089 088 176 
726 Raphia 1088 1282 989 1173 1180 1077 41.0 58.3 030 135 176 
727 Coco 0 219 2556 2808 71 2677 48.9 83.6 001 147 176 
728 Coco 2544 2784 2494 2741 2663 2622 67.7 80.1 198 193 176 
729 Raphia 0 75 796 975 23 870 17.0 41.0 168 228 176 
730 Raphia 2071 2276 581 778 2177 680 60.4 41.3 109 019 177 
731 Coco 1286 1535 2428 2674 1405 2557 68.2 82.1 080 031 177 
732 Raphia 5665 5759 396 581 5729 488 82.0 44.8 050 066 177 
733 Raphia 470 682 175 384 576 281 44.5 41.0 247 112 177 
734 Coco 3428 3670 1847 2103 3554 1972 68.4 79.4 218 124 177 
735 Coco 5338 5613 1716 1958 5484 1842 63.3 54.5 159 171 177 
736 Coco 1100 1350 1484 1723 1222 1602 54.2 60.5 179 102 178 
737 Coco 328 611 865 1120 460 1002 65.3 65.5 120 149 178 
738 Raphia 5067 5283 5963 6175 5172 6078 99.3 79.7 190 095 182 
739 Raphia 2681 2875 5767 5966 2781 5869 70.8 108.2 131 142 182 
740 Raphia 5664 5759 5755 5970 5728 5868 28.9 79.6 072 189 182 
741 Raphia 1085 1282 5168 5362 1188 5270 59.8 75.4 151 073 183 
742 Coco 4170 4437 5153 5420 4310 5287 80.0 94.6 063 132 183 
743 Coco 0 23 4451 4476 12 4465 7.7 89.1 201 225 183 
744 Raphia 4275 4468 4583 4778 4376 4678 87.0 55.5 171 004 184 
745 Coco 585 817 4443 4673 708 4560 51.4 84.5 142 016 184 
746 Coco 2605 2854 4452 4728 2743 4593 73.2 66.8 083 063 184 
747 Raphia 1277 1491 3987 4191 1382 4079 51.4 50.2 053 098 184 
748 Coco 3944 4176 3503 3735 4065 3622 90.4 91.3 221 156 184 
749 Raphia 3889 4073 3781 3973 3980 3884 45.4 69.8 191 191 184 
750 Coco 5531 5759 3456 3715 5647 3577 69.1 96.7 162 203 184 
751 Coco 1396 1638 3081 3324 1529 3201 56.0 83.6 044 041 185 
752 Coco 5660 5759 3264 3496 5729 3368 67.3 50.5 241 087 185 
753 Raphia 4280 4493 2779 2985 4376 2882 92.6 57.9 152 169 185 
754 Coco 3659 3908 2853 3091 3781 2979 92.3 54.8 123 181 185 
755 Coco 5732 5759 2477 2529 5748 2494 40.7 66.8 005 019 186 
756 Raphia 4669 4873 2382 2594 4770 2486 67.8 79.2 231 053 186 
757 Raphia 1065 1280 2173 2379 1174 2276 62.0 71.1 172 100 186 
758 Raphia 1477 1677 1172 1383 1578 1278 48.2 60.8 133 078 187 
759 Coco 4617 4853 1593 1825 4725 1707 107.3 55.6 104 090 187 
760 Raphia 3471 3677 1168 1390 3582 1280 94.6 61.1 074 125 187 
761 Raphia 0 85 593 787 23 678 20.2 42.6 212 218 187 
762 Raphia 1481 1675 574 791 1574 689 59.6 52.1 153 009 188 
763 Coco 3946 4196 649 917 4070 784 61.3 65.9 124 021 188 
764 Raphia 3683 3881 369 567 3785 470 62.3 48.3 094 056 188 
765 Raphia 686 884 0 178 781 80 45.3 39.5 035 103 188 
766 Coco 1516 1786 347 607 1649 468 58.6 55.3 006 115 188 
767 Coco 2717 2951 254 517 2822 378 85.4 62.2 203 161 188 
768 Raphia 1220 1529 6145 6359 1373 6282 80.1 104.4 076 061 192 
769 Raphia 4441 4734 5542 5853 4591 5698 111.6 123.6 037 039 193 
770 Raphia 4038 4333 5133 5443 4171 5284 63.3 97.5 175 132 193 
771 Coco 4721 4883 6231 6359 4788 6320 100.9 72.4 166 075 194 
772 Raphia 401 735 3724 4034 570 3898 76.7 57.6 136 110 194 
773 Coco 1648 1903 6033 6350 1780 6208 62.9 114.1 107 122 194 
774 Raphia 5028 5355 3731 4032 5187 3883 103.4 97.2 077 157 194 
775 Coco 2497 2728 5895 6159 2611 6026 57.5 78.3 048 169 194 
776 Raphia 4426 4750 3529 3827 4580 3680 71.1 92.5 018 204 194 
777 Raphia 0 126 2924 3216 38 3083 30.4 79.2 215 250 194 
778 Coco 0 223 5542 5788 84 5666 49.2 115.9 186 006 195 
779 Raphia 1028 1317 2522 2829 1166 2678 72.9 72.6 156 041 195 
780 Coco 735 1013 5588 5824 866 5712 67.4 104.2 127 053 195 
781 Raphia 3230 3532 2109 2444 3388 2281 66.0 66.9 097 088 195 
782 Coco 0 103 5442 5719 22 5564 18.4 97.7 068 100 195 
783 Raphia 4835 5165 2119 2440 4996 2282 108.4 80.3 038 135 195 
784 Coco 600 847 5292 5532 729 5418 56.2 72.7 009 147 195 
785 Raphia 1617 1915 1526 1817 1768 1669 66.6 77.4 235 181 195 
786 Coco 3955 4202 5343 5589 4084 5464 85.8 94.0 206 193 195 
787 Raphia 2034 2310 1319 1627 2168 1475 77.9 77.8 117 019 196 
788 Coco 3167 3411 4811 5062 3293 4932 66.5 90.0 088 031 196 
789 Raphia 199 519 1123 1411 367 1272 68.7 66.0 058 066 196 
790 Coco 0 224 4247 4508 89 4370 53.7 77.8 029 078 196 
791 Coco 594 819 3434 3679 694 3553 61.5 64.0 167 171 196 
792 Raphia 801 1128 708 1020 966 859 74.2 69.3 137 206 196 
793 Coco 1121 1370 3407 3620 1245 3506 69.5 83.8 108 218 196 
794 Raphia 5222 5542 519 825 5389 673 114.2 69.6 019 044 197 
795 Coco 3156 3404 1985 2224 3279 2101 78.1 48.8 069 196 197 
796 Coco 5733 5759 2000 2105 5747 2089 40.4 61.4 010 243 197 
797 Coco 1503 1745 1818 2062 1612 1945 59.7 56.2 207 033 198 
798 Coco 2988 3224 1066 1311 3113 1182 76.0 63.6 030 174 198 
799 Coco 4333 4560 642 917 4453 778 103.2 66.8 227 220 198 
800 Coco 3551 3790 184 422 3656 306 97.6 52.8 109 058 199 
801 Coco 5339 5620 188 422 5487 307 92.2 48.7 050 105 199 
802 Raphia 2497 2640 6329 6359 2613 6349 62.1 64.1 100 120 202 
803 Raphia 2918 3025 6340 6359 2964 6353 70.9 7.7 041 167 202 
804 Raphia 0 128 5743 6039 37 5880 30.0 98.5 179 004 203 
805 Raphia 4 326 5342 5655 161 5494 66.4 61.4 061 098 203 
806 Raphia 4645 4941 4739 5035 4793 4887 92.8 99.5 199 191 203 
807 Raphia 413 725 4533 4843 566 4691 65.6 97.2 140 238 203 
808 Raphia 3053 3330 4139 4424 3189 4286 86.7 77.2 219 122 204 
809 Raphia 2 311 3932 4243 159 4081 62.6 113.1 101 216 204 
810 Raphia 216 520 3930 4252 368 4082 64.0 79.0 042 007 205 
811 Raphia 4628 4940 3325 3636 4782 3468 82.9 84.7 239 053 205 
812 Coco 306 550 6133 6359 428 6255 53.5 111.0 210 065 205 
813 Coco 5630 5759 6112 6355 5718 6228 87.8 110.9 151 112 205 
814 Coco 4016 4273 5765 6025 4139 5900 53.0 84.3 033 206 205 
815 Coco 5065 5312 5783 6038 5190 5906 52.5 81.1 230 252 205 
816 Raphia 3427 3737 2121 2438 3589 2277 90.9 68.7 200 031 206 
817 Raphia 0 100 1739 1996 28 1871 21.9 76.1 220 218 206 
818 Coco 5432 5660 4733 4965 5556 4852 85.2 79.4 191 230 206 
819 Raphia 1016 1318 701 1018 1166 865 62.4 70.0 161 009 207 
820 Raphia 4031 4347 486 819 4195 647 75.0 65.0 102 056 207 
821 Coco 4902 5132 4571 4798 4998 4674 83.6 57.0 073 068 207 
822 Raphia 2764 2769 0 3 2766 1 63.4 1.3 122 243 207 
823 Coco 4681 4930 4175 4419 4808 4295 101.1 93.3 093 255 207 
824 Coco 299 543 3780 4010 412 3887 51.7 67.2 231 092 208 
825 Coco 3831 4083 3393 3641 3957 3517 61.5 93.0 054 233 208 
826 Coco 3868 4089 3121 3340 3973 3232 93.6 85.1 251 023 209 
827 Coco 2445 2679 2799 3029 2561 2910 54.8 62.0 192 070 209 
828 Coco 5068 5297 1726 1953 5169 1849 109.5 50.3 212 001 210 
829 Coco 821 1055 1582 1806 938 1691 55.3 59.2 153 048 210 
830 Coco 1203 1458 1373 1616 1337 1487 61.9 50.7 035 142 210 
831 Coco 1682 1917 922 1163 1793 1047 56.1 56.6 232 188 210 
832 Coco 2831 3060 742 983 2947 868 65.5 53.6 055 073 211 
833 Raphia 1886 2071 5964 6172 1981 6070 63.8 83.1 025 108 211 
834 Coco 1299 1550 536 776 1419 660 68.8 58.5 252 119 211 
835 Raphia 3078 3276 5976 6181 3175 6076 67.3 94.7 222 154 211 
836 Coco 1483 1717 124 373 1596 244 56.2 53.9 134 213 211 
837 Coco 4670 4926 118 384 4801 254 98.7 55.0 075 004 212 
838 Raphia 2679 2886 4974 5169 2776 5073 72.0 94.7 045 039 212 
839 Coco 3833 4060 0 180 3934 74 85.8 40.4 016 051 212 
840 Raphia 1884 2075 4786 4972 1979 4877 73.5 104.7 242 085 212 
841 Raphia 284 490 4584 4783 381 4678 44.8 71.5 183 132 212 
842 Raphia 3477 3672 4581 4768 3566 4668 43.1 82.9 124 179 212 
843 Raphia 3867 4085 4376 4577 3974 4477 84.5 93.8 065 226 212 
844 Raphia 1083 1281 3970 4180 1181 4078 62.4 80.8 026 204 213 
845 Raphia 1492 1688 3982 4180 1583 4081 69.7 64.1 223 250 213 
846 Raphia 2686 2873 3975 4180 2780 4077 81.3 93.1 164 041 214 
847 Raphia 3278 3470 3977 4169 3377 4078 65.9 40.0 105 088 214 
848 Raphia 1283 1487 3582 3769 1386 3672 51.4 93.1 243 181 214 
849 Raphia 3277 3481 3382 3588 3382 3479 82.8 62.4 184 228 214 
850 Raphia 5285 5475 3391 3579 5374 3479 76.5 76.0 125 019 215 
851 Raphia 4876 5070 2584 2781 4975 2679 74.6 81.7 007 113 215 
852 Coco 4099 4334 6026 6272 4218 6148 101.1 79.4 175 171 215 
853 Coco 320 564 5779 6027 419 5900 54.5 114.6 116 218 215 
854 Coco 3793 4029 5768 6008 3916 5880 89.0 111.0 057 009 216 
855 Raphia 2280 2476 1984 2187 2376 2081 63.0 52.6 027 044 216 
856 Raphia 2887 3078 1980 2171 2978 2080 60.5 71.2 224 090 216 
857 Coco 0 59 5237 5406 18 5333 14.4 72.4 077 196 216 
858 Raphia 4474 4666 1585 1782 4571 1678 84.1 62.0 047 231 216 
859 Coco 4723 4961 4525 4766 4841 4647 53.3 98.5 097 127 217 
860 Raphia 4875 5068 593 785 4972 684 40.9 46.2 067 162 217 
861 Raphia 78 285 379 567 178 469 43.8 45.6 008 209 217 
862 Coco 2924 3157 3933 4158 3032 4051 89.9 78.9 117 058 218 
863 Coco 1123 1375 3755 4012 1241 3891 62.0 77.3 058 105 218 
864 Coco 205 429 3320 3558 319 3450 58.0 75.1 196 198 218 
865 Coco 1791 2029 3315 3566 1925 3455 62.0 85.8 137 245 218 
866 Coco 879 1108 3225 3455 987 3340 53.8 94.2 078 036 219 
867 Coco 1896 2145 2710 2946 2016 2827 71.7 76.9 019 083 219 
868 Coco 2190 2430 2356 2589 2313 2466 72.8 66.5 216 129 219 
869 Coco 4119 4353 1925 2145 4231 2032 57.5 66.8 157 176 219 
870 Coco 1199 1445 1187 1451 1328 1318 60.0 73.2 039 014 220 
871 Coco 1172 1421 0 195 1299 79 56.8 43.8 197 038 221 
872 Coco 877 967 0 48 934 15 48.4 13.1 138 085 221 
873 Coco 1245 1402 0 53 1371 19 42.1 14.0 079 132 221 
874 Raphia 4840 5117 5542 5823 4977 5683 103.1 93.1 069 098 222 
875 Raphia 431 726 5346 5632 571 5495 62.1 118.8 010 145 222 
876 Raphia 2430 2718 4522 4824 2571 4681 72.4 69.0 089 029 223 
877 Raphia 1216 1531 4336 4647 1364 4489 58.6 70.9 030 076 223 
878 Raphia 635 935 3936 4219 782 4079 72.9 94.0 168 169 223 
879 Raphia 0 112 2349 2613 31 2476 26.4 81.2 129 147 224 
880 Raphia 25 320 2137 2434 168 2279 62.0 75.7 070 194 224 
881 Raphia 1446 1713 2135 2414 1584 2277 66.8 74.1 011 241 224 
882 Raphia 1614 1913 1712 2013 1765 1863 77.9 81.7 149 078 225 
883 Raphia 5031 5338 1523 1832 5183 1675 81.0 70.9 031 172 225 
884 Raphia 3654 3934 1340 1623 3791 1471 81.7 75.1 228 218 225 
885 Raphia 2223 2508 1125 1417 2367 1261 66.0 59.9 169 009 226 
886 Raphia 5241 5542 729 1028 5390 874 99.4 63.3 051 103 226 
887 Coco 4900 4960 6347 6359 4940 6355 100.9 89.9 160 208 226 
888 Coco 1510 1671 6184 6345 1584 6278 38.0 110.3 042 046 227 
889 Raphia 811 1103 101 401 965 255 67.3 62.5 012 081 227 
890 Coco 3489 3641 5985 6142 3561 6068 72.4 100.5 239 092 227 
891 Raphia 4044 4332 0 220 4186 86 94.3 51.0 209 127 227 
892 Raphia 2930 3051 0 25 2982 8 80.8 6.1 091 221 227 
893 Coco 1122 1275 4803 4956 1190 4884 41.1 63.7 200 070 228 
894 Coco 1694 1864 4796 4946 1768 4873 57.7 83.3 141 117 228 
895 Coco 5082 5241 3207 3377 5155 3296 97.1 48.3 161 048 229 
896 Coco 2890 3047 2992 3151 2964 3070 69.2 38.9 102 095 229 
897 Coco 3878 4038 1991 2166 3958 2067 86.3 42.7 043 142 229 
898 Coco 4901 5054 1819 1977 4986 1895 90.8 57.5 181 235 229 
899 Coco 5090 5243 1233 1382 5169 1307 103.7 49.6 004 120 230 
900 Coco 1491 1655 820 979 1562 897 64.6 42.1 201 166 230 
901 Coco 3102 3259 803 959 3181 876 71.6 34.1 142 213 230 
902 Coco 3310 3473 227 387 3400 293 72.6 34.6 221 097 231 
903 Raphia 287 323 6346 6359 300 6354 18.7 91.9 132 179 231 
904 Raphia 408 704 5923 6242 570 6087 68.3 69.2 073 226 231 
905 Raphia 4442 4726 5940 6249 4590 6092 80.5 73.9 014 017 232 
906 Raphia 4422 4718 5331 5643 4582 5492 75.2 71.9 152 110 232 
907 Raphia 2637 2928 5132 5438 2783 5288 85.6 70.3 034 204 232 
908 Raphia 2018 2344 4716 5047 2181 4886 75.4 118.5 172 041 233 
909 Raphia 829 1137 4129 4434 973 4282 77.0 97.6 251 181 233 
910 Raphia 1434 1725 3738 4031 1580 3885 77.3 66.6 133 019 234 
911 Raphia 217 523 3114 3434 364 3276 61.3 93.2 074 066 234 
912 Raphia 5437 5755 3122 3421 5598 3273 67.6 65.8 015 113 234 
913 Raphia 3639 3935 2729 3020 3792 2856 86.3 76.9 212 159 234 
914 Raphia 4645 4941 2726 3016 4792 2877 80.3 94.0 153 206 234 
915 Raphia 3824 4128 2327 2633 3981 2484 95.8 72.9 094 253 234 
916 Raphia 3839 4143 2120 2439 3985 2275 68.1 72.4 035 044 235 
917 Raphia 2635 2932 1916 2224 2779 2072 92.9 75.6 232 090 235 
918 Raphia 5642 5759 1123 1356 5721 1261 81.7 72.1 114 184 235 
919 Raphia 204 527 902 1216 337 1065 61.1 78.0 252 021 236 
920 Raphia 5041 5337 922 1216 5186 1070 114.1 59.5 193 068 236 
921 Raphia 5051 5345 521 796 5192 670 81.3 63.5 134 115 236 
922 Raphia 1631 1920 316 618 1799 464 55.8 69.8 075 162 236 
923 Raphia 4440 4752 120 422 4601 265 69.3 62.3 016 209 236 
924 Raphia 4911 5058 0 23 4940 7 93.0 6.4 095 093 237 
925 Coco 0 92 6133 6308 30 6218 21.7 80.9 086 036 238 
926 Coco 514 715 6172 6359 612 6276 52.1 119.5 027 083 238 
927 Coco 4294 4476 5733 5936 4386 5833 75.8 116.1 224 129 238 
928 Coco 5474 5673 2565 2768 5580 2670 82.2 79.6 067 201 239 
929 Coco 520 710 2368 2568 620 2466 50.5 66.6 205 038 240 
930 Coco 1069 1285 2372 2564 1168 2465 47.0 73.5 146 085 240 
931 Coco 317 522 2165 2370 426 2270 43.7 78.8 028 179 240 
932 Coco 515 698 2165 2376 607 2260 47.2 69.8 225 225 240 
933 Coco 4469 4663 2218 2413 4563 2319 75.9 57.0 166 016 241 
934 Coco 879 1077 1188 1370 969 1277 56.8 43.0 245 156 241 
935 Coco 3877 4054 986 1172 3966 1079 89.7 48.3 186 203 241 
936 Raphia 3681 3872 6185 6359 3778 6274 82.6 37.7 038 076 242 
937 Raphia 91 288 5973 6171 189 6077 41.1 40.7 235 122 242 
938 Coco 311 521 205 401 420 309 49.2 43.4 206 134 242 
939 Raphia 2085 2280 5968 6176 2181 6073 66.9 89.1 176 169 242 
940 Coco 1862 2073 178 369 1966 268 60.4 44.1 147 181 242 
941 Raphia 2690 2874 5976 6160 2779 6065 46.5 83.9 117 216 242 
942 Coco 879 1072 15 219 977 109 46.0 40.2 088 228 242 
943 Coco 3699 3890 0 188 3795 82 53.8 40.8 029 019 243 
944 Raphia 2077 2275 5565 5773 2175 5669 65.8 92.5 137 147 243 
945 Raphia 679 892 5172 5384 787 5277 54.3 93.9 078 194 243 
946 Raphia 1886 2079 5174 5366 1981 5270 57.1 90.0 019 241 243 
947 Raphia 483 684 4779 4978 585 4880 48.8 57.8 216 031 244 
948 Raphia 904 1082 4780 4965 995 4868 43.6 82.5 157 078 244 
949 Raphia 3677 3875 4774 4974 3777 4873 62.8 63.4 098 125 244 
950 Raphia 4870 5071 3979 4167 4970 4081 103.3 71.9 177 009 245 
951 Raphia 3680 3877 3580 3774 3779 3675 91.3 56.8 059 103 245 
952 Raphia 4670 4875 1187 1380 4771 1283 82.8 46.0 217 127 246 
953 Coco 2261 2511 5579 5822 2389 5704 63.5 61.2 248 188 248 
954 Coco 3422 3667 5542 5769 3558 5642 54.9 117.5 189 235 248 
955 Coco 846 1093 5119 5366 966 5232 66.5 104.5 130 026 249 
956 Coco 5244 5476 5172 5414 5357 5298 93.8 88.2 071 073 249 
957 Coco 3627 3859 4335 4561 3747 4444 57.1 79.7 091 004 250 
958 Coco 3631 3856 3740 3973 3751 3847 68.0 98.7 032 051 250 
959 Coco 3277 3513 3583 3819 3402 3696 76.4 62.4 229 097 250 
960 Coco 4267 4499 3324 3569 4389 3445 52.0 85.5 170 144 250 
961 Coco 0 88 3167 3389 27 3278 18.7 57.9 111 191 250 
962 Coco 3240 3484 3193 3429 3362 3311 81.1 74.5 052 238 250 
963 Coco 4021 4265 3135 3377 4144 3252 78.7 75.6 249 028 251 
964 Coco 2696 2920 2582 2815 2788 2719 48.1 80.4 190 075 251 
965 Coco 3842 4079 2542 2763 3956 2656 56.9 79.9 131 122 251 
966 Raphia 3948 4002 6023 6085 3972 6047 62.6 49.5 101 157 251 
967 Coco 5666 5759 2592 2816 5723 2706 74.9 81.5 072 169 251 
968 Raphia 3348 3411 5824 5877 3379 5853 78.5 46.0 042 204 251 
969 Raphia 5324 5382 5820 5878 5353 5846 101.3 65.4 239 250 251 
970 Coco 96 355 1355 1604 235 1483 57.4 69.8 092 100 252 
971 Coco 5207 5444 1382 1625 5331 1508 58.5 71.9 033 147 252 
972 Raphia 5720 5759 4248 4301 5744 4272 50.6 21.9 003 182 252 
973 Coco 1451 1694 998 1248 1568 1120 59.6 67.3 230 193 252 
974 Coco 3069 3307 413 636 3197 517 69.9 53.2 171 240 252 
975 Coco 4621 4854 388 614 4733 490 79.2 49.6 112 031 253 
976 Raphia 2372 2416 4040 4102 2388 4068 63.7 31.2 082 066 253 
977 Raphia 3541 3605 4035 4103 3568 4069 57.8 43.1 023 113 253 
978 Coco 35 283 140 402 161 267 54.7 56.0 250 124 253 
979 Raphia 2155 2218 3459 3509 2189 3479 63.5 81.7 220 159 253 
980 Coco 5040 5244 0 56 5160 9 83.6 10.6 191 171 253 
981 Raphia 4728 4788 3044 3106 4760 3075 80.3 51.4 102 253 253 
982 Raphia 3149 3191 2852 2917 3173 2886 62.9 20.8 122 184 254 
983 Raphia 3347 3406 2649 2710 3375 2677 77.7 69.3 201 068 255 
984 Raphia 3543 3588 2453 2518 3570 2488 33.5 60.7 083 162 255 
985 Raphia 1959 2017 2268 2321 1986 2292 52.9 44.6 024 209 255 
